<?xml version="1.0"?>
<opencv_storage>
<source>"stereothingy.py --camera_to_use 0 -cbx 8 -cby 6 -cbw 40.0 -cp /home/bob/SurroundSense/calibration/01-08-24-10-16-rms-1.43-zed-0-ximea-0/"</source>
<description>"camera matrices K for left and right, distortion coefficients for left and right, 3D rotation matrix R, 3D translation vector T, Essential matrix E, Fundamental matrix F, disparity to depth projection matrix Q"</description>
<K_l type_id="opencv-matrix">
  <rows>3</rows>
  <cols>3</cols>
  <dt>d</dt>
  <data>
    930.3284425137067 0. 315.82530637401965 0. 926.55407854956525
    270.53397401075517 0. 0. 1.</data></K_l>
<K_r type_id="opencv-matrix">
  <rows>3</rows>
  <cols>3</cols>
  <dt>d</dt>
  <data>
    946.4107093014261 0. 330.35907992284331 0. 944.18482479810302
    260.38879694013406 0. 0. 1.</data></K_r>
<distort_l type_id="opencv-matrix">
  <rows>1</rows>
  <cols>5</cols>
  <dt>d</dt>
  <data>
    -0.14669555659621314 1.6432740682396094 0.02042118630137946
    0.013004858154051266 -10.250038396921752</data></distort_l>
<distort_r type_id="opencv-matrix">
  <rows>1</rows>
  <cols>5</cols>
  <dt>d</dt>
  <data>
    -0.29241904682048991 2.5337767166705594 0.0082295380850915169
    -0.01916962780673194 -10.977758060503804</data></distort_r>
<R type_id="opencv-matrix">
  <rows>3</rows>
  <cols>3</cols>
  <dt>d</dt>
  <data>
    0.99924413387864341 -0.0025506838631283017 -0.038789881682599336
    0.0026352657110540424 0.99999426020187576 0.0021295393716421903
    0.038784227254798069 -0.002230151370111066 0.99924512014876243</data></R>
<T type_id="opencv-matrix">
  <rows>3</rows>
  <cols>1</cols>
  <dt>d</dt>
  <data>
    -186.28552236183452 -9.1093820248240043 14.222656758619184</data></T>
<E type_id="opencv-matrix">
  <rows>3</rows>
  <cols>3</cols>
  <dt>d</dt>
  <data>
    -0.39078082227762695 -14.202259822637073 -9.1327932434130723
    21.436846367779818 -0.45172241401212354 185.59320400154726
    8.6115847020190124 -186.3076882742765 -0.75005420518097854</data></E>
<F type_id="opencv-matrix">
  <rows>3</rows>
  <cols>3</cols>
  <dt>d</dt>
  <data>
    -1.3844175405669051e-07 -5.0519242604142044e-06
    -0.0015996098979598884 7.6123259545500461e-06
    -1.6106220766094362e-07 0.0589527298363079 0.00095090209754787082
    -0.061009653832284488 1.</data></F>
<Q type_id="opencv-matrix">
  <rows>4</rows>
  <cols>4</cols>
  <dt>d</dt>
  <data>
    1. 0. 0. -427.9226245880127 0. 1. 0. -277.89726257324219 0. 0. 0.
    935.36945167383419 0. 0. 0.0053461749648696351 0.</data></Q>
</opencv_storage>
